0 -10004 20 10000  0.2   0.8   0.2  1
0 1100 20 1000  0.2   0.8   0.2  1
0  6  0  0.4  0      0     0      0   15 70 70
0  6  60  0.4  0      0     0      0   25 40 40
-10  10  70  1  0      0     0      0   25 40 150
10  10  70  1  0      0     0      0   150 40 25
0  -4  50  1  0      0     0      0   0 150 0
-1000  -500  50  1  0      0     0      0   10000 10000 0
14 3  60  6    0.5    0.3  0.8   0  
-12 3 60  6    0.2    0.32  0.7   0.2   
-10 3 80  6    0.26    0.5  0.36   0    
10 3 80  6    0.5    0.32  0.36   1   
6 3 88  6    0    0.50  0.4   1  
-6 3 88  6    0    0.50  0.4   1  
14 18  60  6    0.5    0.32  0.36   0  
-12 18 60  6    0.5    0.32  0.9   0.2   
-10 18 80  6    0.5    0.32  0.1   0    
10 18 80  6    0.2    0.32  0.36   1   
6 18 88  6    0    0.50  0.4   1  
-6 18 88  6    0    0.50  0.4   1  
28 3  60  6    0.5    0.3  0.8   0  